(0,0,0,0,0,0,0,0,0,0,0,0,63,0,0,0,0,0,0,0,0,0,0,0,0,0,0,0,0,0,0,0,0,0,0,0,0,0,80,64,11,87,165,0,0,0,0,0,0,0,0,0,0,0,0,0,0,0,0,0,0,0,47,0,0,0,0,0,0,0,0,0,0,0,0,0,0,0,0,0,0,0,0,0,0,0,0,0,0,0,0,0,27,167,168,0,0,0,0,0,0,0,0,0,0,0,0,0,0,0,0,0,0,0,0,0,0,0,0,0,0,0,0,0,0,0,0,0,0,0,0,0,0,0,0,0,0,0,0,0,0,0,0,0,0,0,0,0,0,0,27,27,80,64,0,0,0,0,74,81,27,0,0,0,0,0,0,0,0,163,0,0,0,0,0,0,0,0,0,0,0,0,0,0,0,0,0,0,0,0,0,0,0,0,0,0,0,0,27,27,27,0,0,0,0,0,86,27,0,0,0,0,0,86,86,86,86,97,86,1,0,0,0,0,1,0,0
,47,0,0,0,0,0,63,0,0,0,0,0,0,0,0,47,0,0,0,0,0,10,0,0,0,10,155,47,0,0,0,0,0,0,0,80,64,0,11,88,166,0,47,0,0,0,0,0,0,0,0,0,0,0,0,0,0,0,47,0,0,0,0,0,0,0,0,0,0,11,0,0,0,70,0,0,0,47,0,0,0,0,0,0,0,0,0,0,0,0,27,0,0,0,0,0,0,0,0,0,0,0,0,0,0,0,0,0,0,0,0,0,0,0,0,0,0,0,0,0,47,0,0,0,0,0,0,0,0,0,0,0,0,0,0,0,0,0,0,0,0,0,0,0,0,0,0,0,27,27,27,0,0,79,0,0,0,27,27,0,0,0,47,27,0,27,0,164,27,0,27,27,27,27,27,0,27,27,27,27,27,0,27,27,27,27,0,27,27,27,27,27,27,27,0,0,86,86,27,0,0,0,0,0,27,27,0,0,0,0
,0,86,86,86,27,96,86,1,165,0,0,148,1,0,0,0,0,0,0,47,0,0,0,0,0,0,0,0,NaN,0,0,0,0,0,193,10,10,0,0,62,10,156,0,0,0,0,0,0,0,80,64,0,11,11,12,12,12,12,0,0,0,0,11,0,11,11,11,11,11,11,11,11,11,11,0,0,0,0,0,0,80,11,0,0,0,0,0,0,23,24,0,0,0,0,0,0,0,0,0,0,0,0,0,0,0,27,0,27,27,27,27,27,27,27,0,27,27,69,27,27,27,27,0,27,0,27,27,0,27,27,27,0,0,0,0,157,158,27,27,27,27,27,0,27,47,27,27,27,27,27,0,27,27,27,27,27,27,27,27,27,27,27,0,0,0,0,32,13,13,13,13,33,0,0,0,0,0,0,27,69,27,
27,27,27,0,27,63,0,0,27,69,27,0,0,63,27,0,27,0,0,27,0,27,0,0,63,167,168,2,0,0,27,86,27,0,27,27,27,0,27,27,0,27,27,0,27,27,27,27,27,96,1,1,166,0,0,NaN,1,0,151,152,0,0,0,0,0,0,0,0,0,0,0,0,0,0,0,0,0,0,10,10,0,0,10,10,10,0,11,0,0,0,0,0,80,64,0,11,11,0,0,0,0,12,0,0,0,0,11,0,0,0,0,0,0,0,0,0,0,11,0,11,11,11,11,11,11,11,0,0,0,47,11,0,25,26,0,0,0,0,0,11,0,0,0,0,0,0,0,0,0,27,0,27,69,0,0,0,0,27,0,27,0,0,0,0,0,27,69,27,69,27,27,0,27,0,27,69,0,0,151,152,0,27,69,68,0,27,0,27,0
,0,0,0,0,27,0,27,0,0,0,0,0,0,0,0,0,27,0,0,0,0,31,14,14,0,159,30,0,0,0,0,0,0,27,0,0,63,0,27,69,27,0,0,0,0,0,0,0,0,0,27,69,27,0,63,27,69,27,0,0,0,0,0,2,0,27,27,27,27,0,27,86,0,0,27,0,0,86,27,0,0,0,0,27,27,96,1,1,1,1,1,1,1,0,1,0,0,0,0,0,1,0,0,0,0,0,0,63,0,0,0,0,0,10,10,0,49,167,168,10,161,162,0,0,0,0,0,0,0,0,11,11,80,74,81,0,0,0,0,0,0,47,11,77,0,0,76,0,0,77,47,0,0,11,0,11,167,168,56,56,56,11,11,0,0,0,0,0,25,26,0,0,0,0,0,0,0,0,0,0,11,0,0,0,0,27,0,27,0,0,167,168,0,27,0,27,
0,0,0,0,0,0,0,0,0,0,27,69,27,0,27,27,27,27,27,27,27,27,0,0,0,27,69,27,0,63,0,0,0,27,0,27,27,0,0,0,0,0,0,0,0,27,27,27,0,0,31,14,0,0,160,30,0,27,27,69,27,27,27,0,0,0,0,0,0,0,0,0,0,0,0,0,0,0,0,0,0,0,0,0,0,0,0,0,0,0,0,0,2,0,0,0,0,0,0,27,0,0,0,27,0,0,86,27,0,0,0,0,27,165,96,1,0,0,0,0,0,0,0,0,0,0,0,1,0,1,0,0,0,0,0,0,0,0,0,0,0,10,10,0,0,0,0,0,10,0,0,0,0,0,0,0,0,0,11,11,0,0,0,0,0,0,12,0,0,0,0,11,0,0,0,0,0,0,0,0,0,11,11,0,11,56,56,56,56,56,11,0,0,0,0,86,92,171,26,0,0,11,0,0,0,0,0,0,
0,0,0,0,0,0,27,0,27,0,0,0,0,0,27,69,27,194,0,0,0,0,194,0,0,0,0,0,0,0,0,0,0,0,0,0,0,0,0,68,0,0,0,0,0,0,0,0,0,0,27,0,0,27,0,0,0,47,0,0,0,0,0,0,27,0,27,31,14,61,0,14,30,0,27,0,0,0,0,0,0,63,0,0,0,0,0,0,0,0,0,0,0,63,0,0,0,0,0,0,0,0,0,0,0,47,0,0,0,2,0,0,0,0,0,0,27,NaN,47,27,27,0,27,27,27,27,27,47,0,27,166,96,1,148,0,0,167,168,0,0,0,0,0,0,0,0,1,0,10,10,10,0,0,0,0,0,0,10,10,0,0,0,68,0,0,10,10,10,0,0,0,47,0,0,11,11,0,0,0,11,0,0,0,12,69,0,0,0,11,0,0,0,47,0,0,0,0,0,11,0,0,11,56,56,
56,56,56,11,0,0,0,0,0,91,172,26,0,0,0,0,0,0,0,0,0,0,0,0,0,0,0,27,0,27,0,0,0,0,0,0,0,0,0,0,0,69,0,0,0,0,0,0,0,0,0,69,0,0,0,0,63,0,63,0,0,0,0,0,0,63,0,0,68,0,0,27,151,152,27,0,0,0,0,0,0,63,0,0,63,27,0,0,31,14,14,0,14,30,0,27,0,0,63,0,0,0,0,0,0,0,0,63,0,0,63,0,63,0,0,0,0,63,0,0,0,0,0,0,0,63,0,0,47,0,2,2,2,2,2,2,27,27,0,0,0,0,0,27,0,0,0,0,0,0,2,0,96,1,149,1,1,1,1,1,0,0,1,0,0,0,0,1,0,0,0,0,0,0,0,0,0,10,10,0,49,0,0,0,0,0,0,0,10,165,0,0,0,0,11,11,0,0,0,0,11,0,0,0,12,0,0,47,0,11,0,0,
0,0,0,0,0,77,0,11,151,152,11,56,56,56,0,56,11,0,0,11,0,0,0,25,26,0,70,0,0,0,70,0,0,0,151,152,0,70,0,0,27,0,27,0,151,152,0,0,0,0,0,0,0,0,0,0,0,0,0,0,0,0,0,0,0,0,0,0,0,0,0,0,0,0,0,0,0,0,0,0,0,0,0,0,27,27,27,27,0,0,0,0,0,0,0,0,0,0,27,0,0,31,14,161,162,30,0,0,27,0,0,0,0,0,0,0,0,0,63,0,0,0,0,0,0,0,0,0,0,0,0,0,0,63,0,0,0,0,0,0,0,2,0,0,0,0,0,0,0,27,27,0,0,0,0,0,27,0,0,0,0,0,0,2,165,96,1,1,1,0,0,0,1,0,0,0,0,0,0,48,1,0,0,0,0,47,0,0,0,10,10,0,0,0,0,0,0,0,0,68,0,10,166,0,0,151,152,0,0
,0,0,0,0,81,0,0,0,12,0,0,0,0,11,0,0,0,0,0,0,0,0,0,11,11,11,11,56,56,47,11,56,11,0,47,0,0,0,0,25,26,0,23,24,0,0,23,24,0,0,23,24,0,23,24,0,27,0,27,0,23,24,69,0,0,0,63,0,0,63,0,0,0,0,63,69,63,0,0,0,0,0,63,0,69,0,0,0,0,0,63,69,0,0,0,0,0,0,0,0,0,0,0,0,0,0,0,0,0,0,0,63,0,0,27,27,0,31,14,14,14,30,0,0,27,69,0,0,0,69,0,0,NaN,0,0,0,0,69,0,0,0,0,69,0,63,0,0,69,0,0,0,69,0,0,0,0,0,2,0,47,0,2,2,2,27,27,27,27,27,27,27,27,27,0,2,2,2,2,2,2,166,96,167,168,0,0,47,0,1,0,0,0,0,1,0,146,1,0
,0,0,0,0,0,0,10,10,155,0,0,0,0,0,0,0,0,0,0,10,0,0,0,23,24,0,0,0,0,0,0,0,0,0,0,0,0,0,0,0,0,0,77,0,0,0,76,0,0,76,0,0,148,11,56,56,56,11,148,11,165,0,0,92,94,94,171,173,94,171,173,94,94,171,173,94,94,171,173,94,171,173,87,155,0,163,92,171,173,87,81,0,81,0,0,0,0,81,0,0,0,0,0,0,0,0,0,0,0,0,0,0,0,0,0,0,0,0,0,0,0,0,0,0,0,0,0,0,0,0,0,0,0,0,0,0,0,0,0,0,0,0,27,0,0,0,0,0,0,0,27,27,0,0,0,0,0,0,0,0,0,0,0,0,0,0,0,0,0,0,0,0,0,0,0,0,0,0,0,0,0,0,0,0,2,0,0,153,2,155,167,168,27,165,0,0,
0,0,0,0,0,2,165,0,0,148,2,155,96,148,0,0,0,163,0,1,0,0,0,0,0,0,147,1,50,50,50,0,151,152,10,10,0,156,0,79,0,0,0,79,0,0,79,0,10,54,0,0,25,26,0,0,193,0,0,11,0,193,0,0,193,0,0,0,0,0,75,0,75,0,75,0,0,75,0,0,0,149,11,56,161,162,11,149,11,166,0,0,91,93,93,172,174,93,93,93,93,93,93,93,93,93,93,93,93,93,93,88,156,0,164,91,93,93,88,81,50,50,50,69,50,50,50,69,50,50,50,81,50,50,69,50,50,81,50,79,0,50,50,50,69,50,50,50,79,0,50,69,50,50,50,50,79,0,50,50,50,50,50,79,
0,50,50,50,50,50,50,27,0,0,0,0,0,0,0,27,50,50,50,50,50,50,50,50,50,50,50,50,50,50,50,50,50,50,50,50,50,50,50,50,50,50,50,50,50,50,50,50,50,2,0,0,154,2,156,0,0,27,166,0,0,0,0,0,151,152,2,166,0,0,149,2,156,85,149,0,0,0,164,0,1,1,1,1,1,1,1,1,1,1,1,1,1,1,1,1,1,1,1,1,1,1,1,1,1,1,1,1,1,1,1,1,1,1,1,1,1,1,1,1,1,1,1,1,1,1,1,1,1,1,1,1,1,1,1,1,1,1,1,1,1,1,1,1,1,1,1,1,1,1,1,1,1,1,1,1,1,1,1,1,1,1,1,1,1,1,1,1,1,1,1,1,1,1,1,1,1,1,1,1,1,1,1,1,1,1,1,1,1,1,1,1,1,1,1,1,1,1,1,1,1,1,1,1,1,1,1,
1,1,1,1,1,1,1,1,1,1,1,1,1,1,1,1,1,1,1,1,1,1,1,1,1,1,1,1,1,1,1,1,1,1,1,1,1,1,1,1,1,1,1,1,1,1,1,1,1,1,1,1,1,1,1,1,1,1,1,1,1,1,1,1,1,1,1,1,1,1,1,1,1,1,1,1,1,1,1,1,1,1,1,1,1,1,1,1,1,1,1,1,1,1,1,1,1,1,1,Deth By Allan
Allan,1,120,220,3,4500,)(0,0,0,2,56,56,56,56,56,56,56,56,56,56,56,56,56,56,56,56,56,56,56,56,56,56,56,56,56,56,56,2,0,0,0,0,0,0,0,0,0,0,0,0,0,0,0,0,0,0,0,0,0,0,0,0,0,0,0,0,0,0,0,0,0,0,0,0,0,0,0,0,0,0,0,0,0,0,0,0,0,0,0,0,0,0,0,0,0,0,0,0,0,0,0,0,0,0,0,0,0,0,0,0,0,0,0,0,0,0,0,0,0,0,0,0,0,0,0,0,0,0,0,0,0,0,0,0,0,0,0,0,0,0,0,0,0,0,0,0,0,0,0,0,0,0,0,0,0,0,0,0,0,0,0,0,0,0,0,0,0,0,0,0,0,0,0,0,0,0,0,0,0,0,0,0,0,0,0,0,0,0,0,0,0,0,0,0,0,0,0,0,0,0,0,0,0,0,0,0,0,0,0,0,0,0,0,0,0,0,0,0,0,0,0,0,0,N
aN,0,0,0,0,0,0,0,0,0,0,2,56,56,56,56,56,56,56,56,56,56,56,56,56,56,56,56,56,56,56,56,56,56,56,56,56,56,56,2,0,0,0,0,0,0,0,0,0,0,0,0,0,0,0,0,0,0,0,0,0,0,0,0,0,0,0,0,0,0,0,0,0,0,0,0,0,0,0,0,0,0,0,0,0,0,0,0,0,0,0,0,0,0,0,0,0,0,0,0,0,0,0,0,0,0,0,0,0,0,0,0,0,0,0,0,0,0,0,0,0,0,0,0,0,0,0,0,0,0,0,0,0,0,0,0,0,0,0,0,0,0,0,0,0,0,0,0,0,0,0,0,0,0,0,0,0,0,0,0,0,0,0,0,0,0,0,0,0,0,0,0,0,0,0,0,0,0,0,0,0,0,0,0,0,0,0,0,0,0,0,0,0,0,0,0,0,0,0,0,0,0,0,0,0,0,0,0,0,0,0,0,0,0,0,0,0,0,0,0,0,0,0,0,0,0,0,0,0,0,
0,0,0,0,0,0,2,56,56,56,56,56,56,56,56,56,56,56,56,56,56,56,56,56,56,56,56,56,56,56,56,56,56,56,2,0,0,0,0,0,0,0,0,0,0,0,0,0,0,0,0,0,0,0,0,0,0,0,0,0,0,0,0,0,0,0,0,0,0,0,0,0,0,0,0,0,0,0,0,0,0,0,0,0,0,0,0,0,0,0,0,0,0,0,0,0,0,0,0,0,0,0,0,0,0,0,0,0,0,0,0,0,0,0,0,0,0,0,0,0,0,0,0,0,0,0,0,0,0,0,0,0,0,0,0,0,0,0,0,0,0,0,0,0,0,0,0,0,0,0,0,0,0,0,0,0,0,0,0,0,0,0,0,0,0,0,0,0,0,0,0,0,0,0,0,0,0,0,0,0,0,0,0,0,0,0,0,0,0,0,0,0,0,0,0,0,0,0,0,0,0,0,0,0,0,0,0,0,0,0,0,0,0,0,0,0,0,0,0,0,0,0,0,0,0,0,0,0,0,0,0,
2,NaN,56,56,56,56,56,56,56,56,56,56,56,56,56,56,56,56,56,56,56,56,56,56,56,56,56,56,2,0,0,0,0,0,0,0,0,0,0,0,0,0,0,0,0,0,0,0,0,0,0,0,0,0,0,0,0,0,0,0,0,0,0,0,0,0,0,0,0,0,0,0,0,0,0,0,0,0,0,0,0,0,0,0,0,0,0,0,0,0,0,0,0,0,0,0,0,0,0,0,0,0,0,0,0,0,0,0,0,0,0,0,0,0,0,0,0,0,0,0,0,0,0,0,0,0,0,0,0,0,0,0,0,0,0,0,0,0,0,0,0,0,0,0,0,0,0,0,0,0,0,0,0,0,0,0,0,0,0,0,0,0,0,0,0,0,0,0,0,0,0,0,0,0,0,0,0,0,0,0,0,0,0,0,0,0,0,0,0,0,0,0,0,0,0,0,0,0,0,0,0,0,0,0,0,0,0,0,0,0,0,0,0,0,0,0,0,0,0,0,0,0,0,0,0,2,56,56,5
6,56,NaN,56,56,56,56,56,56,56,56,56,56,56,56,56,56,56,56,56,56,56,56,56,56,2,0,0,0,0,0,0,0,0,0,0,0,0,0,0,0,0,0,0,0,0,0,0,0,0,0,0,0,0,0,0,0,0,0,0,0,0,0,0,0,0,0,0,0,0,0,0,0,0,0,0,0,0,0,0,0,0,0,0,0,0,0,0,0,0,0,0,0,0,0,0,0,0,0,0,0,0,0,0,0,0,0,0,0,0,0,0,0,0,0,0,0,0,0,0,0,0,0,0,0,0,0,0,0,0,0,0,0,0,0,0,0,0,0,0,0,0,0,0,0,0,0,0,0,0,0,0,0,0,0,0,0,0,0,0,0,0,0,0,0,0,0,0,0,0,0,0,0,0,0,0,0,0,0,0,0,0,0,0,0,0,0,0,0,0,0,0,0,0,0,0,0,0,0,0,0,0,0,0,0,0,0,0,0,0,0,0,0,0,0,0,0,0,0,0,0,0,2,56,56,2,56,56,2,5
6,56,2,NaN,56,2,56,56,2,56,56,2,56,56,2,56,56,2,56,2,56,2,0,0,0,0,0,0,0,0,0,0,0,0,0,0,0,0,0,0,0,0,0,0,0,0,0,0,0,0,0,0,0,0,0,0,0,0,0,0,0,0,0,0,0,0,0,0,0,0,0,0,0,0,0,0,0,0,0,0,0,0,0,0,0,0,0,0,0,0,0,0,0,0,0,0,0,0,0,0,0,0,0,0,0,0,0,0,0,0,0,0,0,0,0,0,0,0,0,0,0,0,0,0,0,0,0,0,0,0,0,0,0,0,0,0,0,0,0,0,0,0,0,0,0,0,0,0,0,0,0,0,0,0,0,0,0,0,0,0,0,0,0,0,0,0,0,0,0,0,0,0,0,0,0,0,0,0,0,0,0,0,0,0,0,0,0,0,0,0,0,0,0,0,0,0,0,0,0,0,0,0,0,0,0,0,0,0,0,0,0,0,0,0,0,0,0,0,56,56,56,2,56,56,2,56,56,2,56,56,2,56,5
6,2,56,56,2,56,56,2,56,56,2,56,2,148,2,0,0,0,0,0,0,0,0,0,0,0,0,0,0,0,0,0,0,0,0,0,0,0,0,0,0,0,0,0,0,0,0,0,0,0,0,0,0,0,0,0,0,0,0,0,0,0,0,0,0,0,0,0,0,0,0,0,0,0,0,0,0,0,0,0,0,0,0,0,0,0,0,0,0,0,0,0,0,0,0,0,0,0,0,0,0,0,0,0,0,0,0,0,0,0,0,0,0,0,0,0,0,0,0,0,0,0,0,0,0,0,0,0,0,0,0,0,0,0,0,0,0,0,0,0,0,0,0,0,0,0,0,0,0,0,0,0,0,0,0,0,0,0,0,0,0,0,0,0,0,0,0,0,0,0,0,0,0,0,0,0,0,0,0,0,0,0,0,0,0,0,0,0,0,0,0,0,0,0,0,0,0,0,0,0,0,0,0,0,0,0,0,0,0,0,0,56,56,56,2,56,56,2,56,56,2,56,56,2,56,56,2,56,56,2,56,56,2,
56,56,2,NaN,2,149,2,0,0,0,0,0,0,0,0,0,0,0,0,0,0,0,0,0,0,0,0,0,0,0,0,0,0,0,0,0,0,0,0,0,0,0,0,0,0,0,0,0,0,0,0,0,0,0,0,0,0,0,0,0,0,0,0,0,0,0,0,0,0,0,0,0,0,0,0,0,0,0,0,0,0,0,0,0,0,0,0,0,0,0,0,0,0,0,0,0,0,0,0,0,0,0,0,0,0,0,0,0,0,0,0,0,0,0,0,0,0,0,0,0,0,0,0,0,0,0,0,0,0,0,0,0,0,0,0,0,0,0,0,0,0,0,0,0,0,0,0,0,0,0,0,0,0,0,0,0,0,0,0,0,0,0,0,0,0,0,0,0,0,0,0,0,0,0,0,0,0,0,0,0,0,0,0,0,0,0,0,0,0,0,0,0,0,0,0,0,0,0,0,0,0,0,0,2,2,2,2,2,2,2,2,2,2,2,2,2,2,2,2,2,2,2,2,2,2,2,2,2,2,2,2,2,0,0,0,0,0,0,0,0,0,0,0,0,0,
0,0,0,0,0,0,NaN,0,0,0,0,0,0,0,0,0,0,0,0,0,0,0,0,0,0,0,0,0,0,0,0,0,0,0,0,0,0,0,0,0,0,0,0,0,0,0,0,0,0,0,0,0,0,0,0,0,0,0,0,0,0,0,0,0,0,0,0,0,0,0,0,0,0,0,0,0,0,0,0,0,0,0,0,0,0,0,0,0,0,0,0,0,0,0,0,0,0,0,0,0,0,0,0,0,0,0,0,0,0,0,0,0,0,0,0,0,0,0,0,0,0,0,0,0,0,0,0,0,0,0,0,0,0,0,0,0,0,0,0,0,0,0,0,0,0,0,0,0,0,0,0,0,0,0,0,0,0,0,0,0,0,0,0,0,0,0,0,0,0,0,0,0,0,0,0,0,0,0,0,0,0,165,0,0,0,0,0,0,0,0,0,0,0,0,0,0,0,0,0,0,0,163,0,0,0,0,0,0,0,0,64,2,0,0,0,0,0,0,0,0,0,0,0,0,0,0,0,0,0,0,0,0,0,0,0,0,0,0,0,0,0,0,0,0,
0,0,0,0,0,0,0,0,0,0,0,0,0,0,0,0,0,0,0,0,0,0,0,0,0,0,0,0,0,0,0,0,0,0,0,0,0,0,0,0,0,0,0,0,0,0,0,0,0,0,0,0,0,0,0,0,0,0,0,0,0,0,0,0,0,0,0,0,0,0,0,0,0,0,0,0,0,0,0,0,0,0,0,0,0,0,0,0,0,0,0,0,0,0,0,0,0,0,0,0,0,0,0,0,0,0,0,0,0,0,0,0,0,0,0,0,0,0,0,0,0,0,0,0,0,0,0,0,0,0,0,0,0,0,0,0,0,0,0,0,0,0,0,0,0,0,0,0,0,0,0,0,0,0,0,0,0,0,0,0,0,0,166,0,0,80,0,0,80,0,0,0,80,0,0,80,0,0,80,0,80,0,164,0,80,0,0,80,0,0,80,0,2,0,0,0,0,0,0,0,0,0,0,0,0,0,0,0,0,0,0,0,0,0,0,0,0,0,0,0,0,0,0,0,0,0,0,0,0,0,0,0,0,0,0,0,0,0,0,0,0
,0,0,0,0,0,0,0,0,0,0,0,0,0,0,0,0,0,0,0,0,0,0,0,0,0,0,0,0,0,0,0,0,0,0,0,0,0,0,0,0,0,0,0,0,0,0,0,0,0,0,0,0,0,0,0,0,0,0,0,0,0,0,0,0,0,0,0,0,0,0,0,0,0,0,0,0,0,0,0,0,0,0,0,0,0,0,0,0,0,0,0,0,0,0,0,0,0,0,0,0,0,0,0,0,0,0,0,0,0,0,0,0,0,0,0,0,0,0,0,0,0,0,0,0,0,0,0,0,0,0,0,0,0,0,0,0,0,0,0,0,0,0,0,0,0,1,1,1,1,1,1,1,1,1,1,1,1,1,1,1,1,1,1,1,1,1,1,1,1,1,1,1,1,1,1,1,1,1,1,1,1,1,1,1,1,1,1,1,1,1,1,1,1,1,1,1,1,1,1,1,1,1,1,1,1,1,1,1,1,1,1,1,1,1,1,1,1,1,1,1,1,1,1,1,1,1,1,1,1,1,1,1,1,1,1,1,1,1,1,1,1,1,1,1,1,1,1,1,1,
1,1,1,1,1,1,1,1,1,1,1,1,1,1,1,1,1,1,1,1,1,1,1,1,1,1,1,1,1,1,1,1,1,1,1,1,1,1,1,1,1,1,1,1,1,1,1,1,1,1,1,1,1,1,1,1,1,1,1,1,1,1,1,1,1,1,1,1,1,1,1,1,1,1,1,1,1,1,1,1,1,1,1,1,1,1,1,1,1,1,1,1,1,1,1,1,1,1,1,1,1,1,1,1,1,1,1,1,1,1,1,1,1,1,1,1,1,1,1,1,1,Level,1,120,220,1,640,)(3,1,Level,540,80,right,Up,1,28,Level,480,80,right,Down,8,32,Level,840,0,right,Right,9,61,Level,1260,80,right,Down,7,60,Level,1280,200,right,Up,9,67,Level,1380,180,right,Right,7,86,Level,3100,140,right,Up,3,157,Lev
el,3860,40,right,Dow
n,9,198,Level,4220,180,right,Right,9,214,Level,4440,100,right,Down,1,223,Level,4320,140,right,Right,5,219,Level,4400,20,right,Right,9,216,Bonus,20,180,right,Right,10,12,Level,4360,160,right,Down,9,218,Level,4320,80,right,Right,9,196,Level,4040,180,right,Right,10,208,Level,3380,0,left,Left,6,137,Level,1940,80,right,Down,3,121,Bonus,420,180,left,Left,2,122,Level,1880,180,left,Left,7,96,Level,1860,0,right,Down,9,92,Level,3980,180,right,Down,9,17,Level,580,140,
right,Right,)(6,30,Level,4440,180,left,Left,)